blackscholes= [0.196489, 0.20323, 0.207083, 0.196507, 0.203237, 0.20708, 0.196506, 0.203245, 0.207083, 0.210921, 0.210999, 0.211037]
bodytrack= [0.589793, 0.599301, 0.599907, 0.598707, 0.606114, 0.611057, 0.598144, 0.606485, 0.610614, 0.607212, 0.611337, 0.613098]
canneal= [0.0806535, 0.0814544, 0.0830441, 0.0817248, 0.0827803, 0.0838615, 0.0815343, 0.0824698, 0.0818166, 0.0843413, 0.08508, 0.0865982]
fluidanimate= [0.634147, 0.645465, 0.678349, 0.652217, 0.652935, 0.684178, 0.648568, 0.652785, 0.684822, 0.65919, 0.671505, 0.698169]
freqmine= [0.59312, 0.60385, 0.586701, 0.394018, 0.611258, 0.61929, 0.591025, 0.570656, 0.579881, 0.576696, 0.610047, 0.626409]
raytrace= [0.677224, 0.701488, 0.715908, 0.683618, 0.707888, 0.722543, 0.677755, 0.707594, 0.723174, 0.683513, 0.708548, 0.723727]
swaptions= [0.718202, 0.717843, 0.716619, 0.718195, 0.718197, 0.717696, 0.718015, 0.717985, 0.718275, 0.71819, 0.717832, 0.717933]
streamcluster= [0.142125, 0.210767, 0.303905, 0.14408, 0.213792, 0.307114, 0.144053, 0.213483, 0.307054, 0.148043, 0.21968, 0.312866]
