blackscholes4 = [0.207086, 0.208339, 0.209408, 0.210151, 0.210615, 0.210812, 0.21094]
bodytrack4 = [0.610973, 0.612504, 0.60847, 0.613977, 0.610226, 0.615197, 0.616502]
canneal4 = [0.0829794, 0.0826691, 0.08208, 0.0840786, 0.0834215, 0.0838399, 0.0839678]
fluidanimate4 = [0.686969, 0.700128, 0.707764, 0.745914, 0.764799, 0.780595, 0.78966]
freqmine4 = [0.619924, 0.618367, 0.619147, 0.571898, 0.606108, 0.598748, 0.606608]
raytrace4 = [0.719768, 0.723767, 0.727539, 0.729105, 0.729069, 0.728954, 0.724242]
swaptions4 = [0.718126, 0.717996, 0.718189, 0.718034, 0.717736, 0.718238, 0.71772]
streamcluster4 = [0.307179, 0.355559, 0.369377, 0.430409, 0.436338, 0.441115, 0.442567]
