blackscholes= [0.203238, 0.203235, 0.203236, 0.203236, 0.203237, 0.201593, 0.203235]
bodytrack= [0.606635, 0.606661, 0.606183, 0.607145, 0.606604, 0.606135, 0.604063]
canneal= [0.0820332, 0.0812537, 0.0824207, 0.0821772, 0.0819368, 0.0817074, 0.0824706]
fluidanimate= [0.652936, 0.652931, 0.652954, 0.652931, 0.65293, 0.65296, 0.652937]
freqmine= [0.616854, 0.459895, 0.577308, 0.614601, 0.569397, 0.451916, 0.476394]
raytrace= [0.707766, 0.707816, 0.707684, 0.707878, 0.707497, 0.707837, 0.707979]
swaptions= [0.717674, 0.718058, 0.71809, 0.718066, 0.718196, 0.717779, 0.71821]
streamcluster= [0.213626, 0.213666, 0.213693, 0.213786, 0.21369, 0.213581, 0.213736]
